82475 -1 84211 -1 86919 -1 86927 -1 86943 -1 -2
56109 -1 222699 -1 -2
55455 -1 -2
81795 -1 81991 -1 -2
55403 -1 55407 -1 55411 -1 55435 -1 55831 -1 55835 -1 55839 -1 55847 -1 55863 -1 55879 -1 55895 -1 55991 -1 56077 -1 56225 -1 56373 -1 56765 -1 222499 -1 222511 -1 222607 -1 222699 -1 -2
55287 -1 55295 -1 55323 -1 55327 -1 55331 -1 222323 -1 222331 -1 -2
84947 -1 84999 -1 -2
82875 -1 82879 -1 86003 -1 -2
85087 -1 -2
82979 -1 -2
55295 -1 55323 -1 55327 -1 55375 -1 222375 -1 -2
80027 -1 80203 -1 81843 -1 81875 -1 81931 -1 81939 -1 81943 -1 86979 -1 89829 -1 89845 -1 89849 -1 222455 -1 222771 -1 222783 -1 222787 -1 222795 -1 -2
78163 -1 84803 -1 84827 -1 -2
222591 -1 -2
55283 -1 55287 -1 56181 -1 89453 -1 -2
81955 -1 81959 -1 81975 -1 -2
55595 -1 -2
84731 -1 84795 -1 228995 -1 -2
55779 -1 -2
228795 -1 -2
82835 -1 82875 -1 82879 -1 88683 -1 88953 -1 -2
55343 -1 -2
55327 -1 55859 -1 81699 -1 -2
78591 -1 78731 -1 78875 -1 83639 -1 83711 -1 83747 -1 85659 -1 88167 -1 88543 -1 88583 -1 89453 -1 89465 -1 89701 -1 89705 -1 89829 -1 89845 -1 90101 -1 -2
55759 -1 55803 -1 222535 -1 -2
55283 -1 55319 -1 55331 -1 55403 -1 222323 -1 -2
55367 -1 82747 -1 -2
56333 -1 56337 -1 222915 -1 -2
88735 -1 -2
82127 -1 82719 -1 -2
55267 -1 55271 -1 55291 -1 55295 -1 55315 -1 55319 -1 55351 -1 55463 -1 55483 -1 55487 -1 55527 -1 55551 -1 55559 -1 55703 -1 55819 -1 55847 -1 55875 -1 55883 -1 55919 -1 55923 -1 56023 -1 56037 -1 56041 -1 56397 -1 56553 -1 56557 -1 56561 -1 56761 -1 79539 -1 222331 -1 222339 -1 222395 -1 222459 -1 222463 -1 222475 -1 222487 -1 222607 -1 222611 -1 222615 -1 222643 -1 222963 -1 222967 -1 -2
55855 -1 55871 -1 222611 -1 -2
85167 -1 -2
55855 -1 55871 -1 55887 -1 55895 -1 89721 -1 89737 -1 89745 -1 197025 -1 222607 -1 222647 -1 222671 -1 222675 -1 -2
82719 -1 -2
79539 -1 -2
55531 -1 -2
55287 -1 55291 -1 55627 -1 55679 -1 55719 -1 56229 -1 222331 -1 222335 -1 222471 -1 223055 -1 -2
86911 -1 86915 -1 -2
81591 -1 -2
55267 -1 55315 -1 55323 -1 55843 -1 55847 -1 55859 -1 55863 -1 55867 -1 55871 -1 55875 -1 55879 -1 55883 -1 55967 -1 55971 -1 56761 -1 56769 -1 222323 -1 222335 -1 222631 -1 222675 -1 222679 -1 -2
55283 -1 -2
83339 -1 83451 -1 -2
79879 -1 82063 -1 84743 -1 -2
83115 -1 -2
55267 -1 55271 -1 55283 -1 55295 -1 55351 -1 -2
85351 -1 -2
55555 -1 -2
89653 -1 -2
83227 -1 -2
55283 -1 -2
55483 -1 55487 -1 -2
55267 -1 55271 -1 55351 -1 -2
86283 -1 198405 -1 -2
55267 -1 55351 -1 55503 -1 55515 -1 56037 -1 56041 -1 56169 -1 222383 -1 222387 -1 222391 -1 222755 -1 -2
55547 -1 -2
55527 -1 55531 -1 55539 -1 222395 -1 -2
78359 -1 -2
86999 -1 89441 -1 -2
56761 -1 -2
84651 -1 -2
87015 -1 -2
55267 -1 55271 -1 55531 -1 55539 -1 56007 -1 56011 -1 56761 -1 222395 -1 222435 -1 222675 -1 -2
87075 -1 203729 -1 -2
88487 -1 -2
55267 -1 55271 -1 55275 -1 55287 -1 55323 -1 55351 -1 -2
83075 -1 89433 -1 89521 -1 -2
82615 -1 82619 -1 84663 -1 84775 -1 84779 -1 85995 -1 -2
88937 -1 88941 -1 88957 -1 89033 -1 -2
84723 -1 84771 -1 239699 -1 -2
85915 -1 -2
55275 -1 55339 -1 55343 -1 55783 -1 222323 -1 222599 -1 -2
203729 -1 -2
55267 -1 55315 -1 55323 -1 55327 -1 55351 -1 55487 -1 222459 -1 -2
83719 -1 83731 -1 83795 -1 84679 -1 84751 -1 84759 -1 84811 -1 84999 -1 85011 -1 -2
55315 -1 55323 -1 55327 -1 55487 -1 55835 -1 55863 -1 55875 -1 79007 -1 86307 -1 -2
83547 -1 83571 -1 83575 -1 83579 -1 83583 -1 -2
78435 -1 -2
81771 -1 81955 -1 81959 -1 86075 -1 86107 -1 -2
55275 -1 56761 -1 56769 -1 -2
55543 -1 55831 -1 55835 -1 55847 -1 -2
81639 -1 -2
228883 -1 -2
78247 -1 86887 -1 89185 -1 -2
87375 -1 -2
55267 -1 55287 -1 -2
86403 -1 86415 -1 -2
83815 -1 83907 -1 84731 -1 87283 -1 89465 -1 -2
89521 -1 -2
85143 -1 85147 -1 88711 -1 -2
55367 -1 55379 -1 -2
56769 -1 -2
81699 -1 81723 -1 84455 -1 86067 -1 89649 -1 -2
222395 -1 -2
55463 -1 55475 -1 222379 -1 -2
78359 -1 78371 -1 78411 -1 78415 -1 78427 -1 78431 -1 78439 -1 78599 -1 78643 -1 78731 -1 78875 -1 78879 -1 83979 -1 87003 -1 87015 -1 87039 -1 87055 -1 87203 -1 89593 -1 -2
86947 -1 228831 -1 228835 -1 228839 -1 228843 -1 -2
203729 -1 238931 -1 239211 -1 -2
56003 -1 56769 -1 222435 -1 222531 -1 222583 -1 222599 -1 -2
83271 -1 83359 -1 228951 -1 -2
56177 -1 56181 -1 -2
222395 -1 222583 -1 -2
87015 -1 -2
82875 -1 -2
56633 -1 -2
223055 -1 -2
84731 -1 84755 -1 -2
81787 -1 81955 -1 83031 -1 83907 -1 86187 -1 89317 -1 89337 -1 -2
55831 -1 55835 -1 55839 -1 55855 -1 55863 -1 55867 -1 55871 -1 -2
238931 -1 239211 -1 -2
55527 -1 55531 -1 222395 -1 -2
55595 -1 55619 -1 55827 -1 56177 -1 56193 -1 222439 -1 222459 -1 222471 -1 222487 -1 222787 -1 -2
55351 -1 -2
83135 -1 89321 -1 89645 -1 -2
83039 -1 83047 -1 83055 -1 84595 -1 84727 -1 84767 -1 89253 -1 89433 -1 228935 -1 -2
55343 -1 55531 -1 55535 -1 55539 -1 55807 -1 55887 -1 55891 -1 56765 -1 222395 -1 222411 -1 222491 -1 222531 -1 222563 -1 222583 -1 222599 -1 -2
79043 -1 85143 -1 85147 -1 -2
55323 -1 55327 -1 55331 -1 55543 -1 55555 -1 55563 -1 222319 -1 222331 -1 222447 -1 222647 -1 222651 -1 222667 -1 222675 -1 -2
203729 -1 -2
85987 -1 -2
78163 -1 84731 -1 84747 -1 84759 -1 -2
55855 -1 55863 -1 55871 -1 55883 -1 197025 -1 222607 -1 222615 -1 -2
83719 -1 83727 -1 -2
88531 -1 -2
89649 -1 -2
55327 -1 55439 -1 55443 -1 55447 -1 55451 -1 222351 -1 222355 -1 -2
84727 -1 84731 -1 84755 -1 84767 -1 -2
86119 -1 86143 -1 -2
55323 -1 55327 -1 55407 -1 55411 -1 55415 -1 55435 -1 55463 -1 55475 -1 55483 -1 55487 -1 55491 -1 55543 -1 55619 -1 55703 -1 55827 -1 56077 -1 56173 -1 79651 -1 79667 -1 79795 -1 79823 -1 80059 -1 80127 -1 80223 -1 80227 -1 80947 -1 82259 -1 82931 -1 82939 -1 84159 -1 84183 -1 84199 -1 84247 -1 84267 -1 84603 -1 84647 -1 84679 -1 84867 -1 84871 -1 84947 -1 85011 -1 85311 -1 85451 -1 85647 -1 86459 -1 86691 -1 86879 -1 86971 -1 87475 -1 88071 -1 88259 -1 88263 -1 88267 -1 88399 -1 88427 -1 88451 -1 89285 -1 89289 -1 89293 -1 222379 -1 222383 -1 222447 -1 222779 -1 222791 -1 228799 -1 -2
55287 -1 55315 -1 -2
55619 -1 56077 -1 56761 -1 -2
56769 -1 -2
78403 -1 78643 -1 86187 -1 -2
56177 -1 56185 -1 222795 -1 -2
56769 -1 -2
78719 -1 -2
55271 -1 -2
55455 -1 222371 -1 222423 -1 222671 -1 -2
87555 -1 87595 -1 87639 -1 87659 -1 87663 -1 88427 -1 -2
79795 -1 -2
82679 -1 83991 -1 84023 -1 222395 -1 -2
89185 -1 -2
81615 -1 -2
87095 -1 -2
55283 -1 55887 -1 55891 -1 55895 -1 55899 -1 87059 -1 203729 -1 222375 -1 222695 -1 -2
87127 -1 -2
56217 -1 56225 -1 56273 -1 -2
55831 -1 55835 -1 55887 -1 55891 -1 55899 -1 56761 -1 56769 -1 84159 -1 84183 -1 84187 -1 84199 -1 84247 -1 84267 -1 -2
89721 -1 89737 -1 89745 -1 -2
55455 -1 -2
55831 -1 55835 -1 55859 -1 222607 -1 222615 -1 -2
55463 -1 55503 -1 -2
55663 -1 222447 -1 222479 -1 -2
55871 -1 55875 -1 197025 -1 -2
55351 -1 55543 -1 55547 -1 55551 -1 55555 -1 55559 -1 55563 -1 55831 -1 55835 -1 55959 -1 56761 -1 -2
83719 -1 84603 -1 -2
86287 -1 86291 -1 89541 -1 -2
83627 -1 89521 -1 -2
55543 -1 56761 -1 -2
55839 -1 55855 -1 55879 -1 55883 -1 222615 -1 -2
55267 -1 55351 -1 222643 -1 -2
86887 -1 -2
55271 -1 -2
81603 -1 203729 -1 238931 -1 239211 -1 -2
85027 -1 -2
83547 -1 -2
56633 -1 203729 -1 203733 -1 222655 -1 223019 -1 223023 -1 -2
81535 -1 85915 -1 -2
78591 -1 78687 -1 84759 -1 89173 -1 206603 -1 -2
56201 -1 222791 -1 -2
81591 -1 -2
88969 -1 90157 -1 -2
78395 -1 78595 -1 78791 -1 78795 -1 78891 -1 85103 -1 -2
56201 -1 222767 -1 -2
79071 -1 83963 -1 83971 -1 83983 -1 86907 -1 86911 -1 89517 -1 198429 -1 228743 -1 -2
55271 -1 222331 -1 222439 -1 222907 -1 222923 -1 -2
89185 -1 -2
55367 -1 55443 -1 55447 -1 55455 -1 55831 -1 55843 -1 55847 -1 55863 -1 55887 -1 55891 -1 55899 -1 56333 -1 56337 -1 56345 -1 56373 -1 56761 -1 56769 -1 222351 -1 222359 -1 222375 -1 222651 -1 222663 -1 222667 -1 222675 -1 222907 -1 222919 -1 222943 -1 -2
86143 -1 -2
222647 -1 222655 -1 -2
81699 -1 81911 -1 81923 -1 84603 -1 84827 -1 86067 -1 86107 -1 86143 -1 89721 -1 89737 -1 -2
78687 -1 83547 -1 86187 -1 86987 -1 87043 -1 -2
56169 -1 -2
78687 -1 -2
83663 -1 -2
55295 -1 55319 -1 55323 -1 55327 -1 55331 -1 55547 -1 55551 -1 55555 -1 55559 -1 55563 -1 222319 -1 222331 -1 222339 -1 -2
83115 -1 83135 -1 83183 -1 83547 -1 87335 -1 87343 -1 88427 -1 89441 -1 203729 -1 -2
84883 -1 -2
83339 -1 83451 -1 -2
222471 -1 -2
79767 -1 89133 -1 -2
55283 -1 55875 -1 56061 -1 222331 -1 222655 -1 222659 -1 222663 -1 -2
83547 -1 83727 -1 -2
78179 -1 82935 -1 82963 -1 83547 -1 84759 -1 84867 -1 -2
82771 -1 83815 -1 86047 -1 86059 -1 88427 -1 89453 -1 -2
78391 -1 78419 -1 81607 -1 81627 -1 84727 -1 84743 -1 84755 -1 84839 -1 228759 -1 -2
56765 -1 -2
203729 -1 -2
78247 -1 78687 -1 81583 -1 83891 -1 86267 -1 86803 -1 87335 -1 87351 -1 203729 -1 222439 -1 -2
55271 -1 55291 -1 222331 -1 -2
55291 -1 -2
82963 -1 86047 -1 -2
56633 -1 222835 -1 -2
79519 -1 -2
56077 -1 56229 -1 56565 -1 -2
86067 -1 89185 -1 -2
222791 -1 -2
55887 -1 55899 -1 -2
82811 -1 82815 -1 82819 -1 -2
56057 -1 -2
55755 -1 222459 -1 222551 -1 -2
83475 -1 83479 -1 -2
78759 -1 89817 -1 -2
55679 -1 -2
55663 -1 56117 -1 56165 -1 56561 -1 222687 -1 222691 -1 -2
87375 -1 87419 -1 88391 -1 88595 -1 89717 -1 89733 -1 -2
79651 -1 79975 -1 82523 -1 84603 -1 84731 -1 84747 -1 85003 -1 85011 -1 228935 -1 228987 -1 -2
86055 -1 -2
55267 -1 55271 -1 55287 -1 55315 -1 55319 -1 55331 -1 55351 -1 222339 -1 -2
84335 -1 84371 -1 84387 -1 -2
79043 -1 79059 -1 79067 -1 79071 -1 79075 -1 79079 -1 -2
55271 -1 55323 -1 55931 -1 55947 -1 55951 -1 55955 -1 55959 -1 55967 -1 56003 -1 56229 -1 56281 -1 222631 -1 222639 -1 223059 -1 -2
84951 -1 89817 -1 229003 -1 -2
79079 -1 87295 -1 -2
87051 -1 87095 -1 -2
84231 -1 84239 -1 84255 -1 84263 -1 84283 -1 84731 -1 84839 -1 87531 -1 89453 -1 89701 -1 89705 -1 89717 -1 89725 -1 89737 -1 89745 -1 -2
89801 -1 -2
83235 -1 83711 -1 89369 -1 89389 -1 -2
86135 -1 -2
55451 -1 55511 -1 56281 -1 222355 -1 222359 -1 222859 -1 222883 -1 -2
55271 -1 55291 -1 55367 -1 55387 -1 222331 -1 222339 -1 -2
81335 -1 -2
82027 -1 82031 -1 -2
82339 -1 -2
55543 -1 -2
55267 -1 55291 -1 55295 -1 55331 -1 55483 -1 55511 -1 55831 -1 55835 -1 56761 -1 78891 -1 78967 -1 82531 -1 82543 -1 83511 -1 83515 -1 84691 -1 84995 -1 85679 -1 85915 -1 85919 -1 222663 -1 -2
86979 -1 87203 -1 -2
222611 -1 -2
83115 -1 83251 -1 83447 -1 83547 -1 83719 -1 83815 -1 83907 -1 89321 -1 89705 -1 89721 -1 -2
55267 -1 55275 -1 55315 -1 55323 -1 55351 -1 222339 -1 -2
55287 -1 55291 -1 55295 -1 55307 -1 55319 -1 55323 -1 55331 -1 55335 -1 55339 -1 55351 -1 55531 -1 222339 -1 -2
84679 -1 85011 -1 85019 -1 222371 -1 222375 -1 222379 -1 222599 -1 222675 -1 222931 -1 222963 -1 -2
89789 -1 -2
83043 -1 83047 -1 -2
82671 -1 82691 -1 -2
55551 -1 55591 -1 -2
85143 -1 88775 -1 -2
55403 -1 55919 -1 55927 -1 55931 -1 55947 -1 55971 -1 55975 -1 55991 -1 55995 -1 55999 -1 84851 -1 84871 -1 84883 -1 84899 -1 84903 -1 84907 -1 84955 -1 84983 -1 85011 -1 222627 -1 222639 -1 229019 -1 229023 -1 -2
55431 -1 222343 -1 -2
56177 -1 56201 -1 -2